header:
  seq: 0
  stamp: {secs: 0, nsecs: 0}
  frame_id: ''
height: 480
width: 640
distortion_model: plumb_bob
D: [0.10052107,-0.00938896,0.00031414,0.00027059,-0.28217625]
K: [495.1448637, 0.0, 320.72793558, 0.0, 495.41615, 244.65555943, 0.0, 0.0, 1.0]
R: [1.0, 0.0, 0.0, 0.0, 1.0, 0.0, 0.0, 0.0, 1.0]
P: [495.1448637, 0.0, 320.72793558, 0.0, 0.0, 495.41615, 244.65555943, 0.0, 0.0, 0.0, 1.0, 0.0]
binning_x: 0
binning_y: 0
roi: {x_offset: 0, y_offset: 0, height: 0, width: 0, do_rectify: false}