header:
  seq: 0
  stamp: {secs: 0, nsecs: 0}
  frame_id: ''
height: 480
width: 640
distortion_model: 'plumb_bob'
D: [0.26756397, -1.37620248, 0.00040180, 0.00030048, 2.24679848]
K: [494.76720503, 0.0, 317.30451046, 0.0, 494.98583243, 231.28584719, 0.0, 0.0, 1.0]
R: [1.0, 0.0, 0.0, 0.0, 1.0, 0.0, 0.0, 0.0, 1.0]
P: [494.76720503, 0.0, 317.30451046, 0.0, 0.0, 494.98583243, 231.28584719, 0.0, 0.0, 0.0, 1.0, 0.0]
binning_x: 0
binning_y: 0
roi: {x_offset: 0, y_offset: 0, height: 0, width: 0, do_rectify: false}
